得到的是相机坐标系到世界坐标系的位姿变化，输出的顺序是R11 R12 R13 tx R21 R22 R23 ty R31 R32 R33 tz,
1.000000000 -0.000000000 0.000000000 0.000000000 -0.000000000 0.999999940 0.000000000 0.000000000 0.000000000 0.000000000 1.000000000 -0.000000007
0.999991357 -0.002444227 -0.003359967 -0.002923984 0.002436792 0.999994516 -0.002215065 -0.005091497 0.003365363 0.002206858 0.999991894 0.666553259
0.999970138 -0.001395163 -0.007602317 -0.007130536 0.001367561 0.999992430 -0.003634708 -0.009882121 0.007607331 0.003624203 0.999964535 1.372183919
0.999933422 -0.001234578 -0.011474623 -0.023156274 0.001175866 0.999986172 -0.005121990 -0.010978720 0.011480790 0.005108156 0.999920964 2.073755264
0.999865532 -0.000008753 -0.016404707 -0.042567402 -0.000086776 0.999983013 -0.005822512 -0.013505508 0.016404480 0.005823153 0.999848485 2.804152489
0.999785304 -0.000922914 -0.020697823 -0.059535004 0.000803495 0.999982953 -0.005777220 -0.029350258 0.020702800 0.005759350 0.999769092 3.546622276
0.999682128 0.000893203 -0.025196422 -0.086048618 -0.001072997 0.999974072 -0.007123076 -0.032844141 0.025189407 0.007147848 0.999657154 4.301077366
0.999552846 0.003692857 -0.029672556 -0.121643409 -0.003927386 0.999961436 -0.007849540 -0.042464282 0.029642427 0.007962566 0.999528885 5.057835102
0.999407589 0.003832633 -0.034202289 -0.149112031 -0.004040678 0.999973714 -0.006015711 -0.051275481 0.034178324 0.006150347 0.999396801 5.862472057
0.999240994 0.003230337 -0.038821064 -0.182363123 -0.003372840 0.999987781 -0.003605843 -0.055602804 0.038808934 0.003734043 0.999239624 6.663278103
0.999115586 0.002759112 -0.041957006 -0.225116715 -0.002793639 0.999995768 -0.000764283 -0.064173833 0.041954711 0.000880820 0.999119043 7.468535900
0.998993516 0.004042174 -0.044672310 -0.265105963 -0.004111004 0.999990404 -0.001449006 -0.073634543 0.044666030 0.001631196 0.999000549 8.292950630
0.998899460 0.003570808 -0.046766888 -0.310643882 -0.003652127 0.999991953 -0.001653478 -0.078655720 0.046760600 0.001822457 0.998904467 9.114072800
0.998837888 0.000960784 -0.048186351 -0.357261688 -0.001074339 0.999996603 -0.002330714 -0.085797727 0.048183948 0.002379775 0.998835623 9.938856125
0.998711169 0.000290646 -0.050754193 -0.392765462 -0.000362984 0.999998927 -0.001416040 -0.093210757 0.050753720 0.001432638 0.998710275 10.793934822
0.998629570 -0.001166714 -0.052322034 -0.438685775 0.001073439 0.999997795 -0.001810774 -0.100059770 0.052324023 0.001752128 0.998628616 11.645261765
0.998537660 0.000895566 -0.054052636 -0.491897762 -0.001098217 0.999992490 -0.003719545 -0.113915309 0.054048892 0.003773468 0.998531103 12.505635262
0.998462200 0.001235297 -0.055422869 -0.544532776 -0.001598245 0.999977529 -0.006504858 -0.121488765 0.055413593 0.006583435 0.998441815 13.373489380
0.998358607 0.004957498 -0.057057463 -0.604134440 -0.005422701 0.999953210 -0.008001302 -0.135508060 0.057015132 0.008297574 0.998338878 14.248106003
0.998287797 0.006148014 -0.058168862 -0.658560514 -0.006589890 0.999950707 -0.007407668 -0.148540154 0.058120467 0.007778311 0.998279333 15.139760971
0.998215914 0.005136434 -0.059486408 -0.716402054 -0.005511392 0.999965966 -0.006140924 -0.160680085 0.059452839 0.006457820 0.998210192 16.022138596
0.998146951 0.005890756 -0.060564972 -0.780645490 -0.006196036 0.999969006 -0.004853974 -0.170340538 0.060534511 0.005220242 0.998152375 16.917318344
0.998097301 0.005369507 -0.061425209 -0.841450453 -0.005670403 0.999972820 -0.004725300 -0.185283661 0.061398163 0.005064616 0.998100519 17.825780869
0.997977734 0.005600325 -0.063317679 -0.897694707 -0.005942772 0.999968708 -0.005221360 -0.204889297 0.063286468 0.005587085 0.997979760 18.721755981
0.997938931 0.004041975 -0.064043604 -0.965130448 -0.004413714 0.999974251 -0.005664042 -0.219090074 0.064019054 0.005935038 0.997931004 19.634468079
0.997893870 0.003773528 -0.064758919 -1.022071004 -0.004055396 0.999982834 -0.004221694 -0.227987111 0.064741880 0.004475425 0.997892022 20.552034378
0.997880042 0.005767297 -0.064824462 -1.081849217 -0.005840955 0.999982595 -0.000946834 -0.239099368 0.064817861 0.001323463 0.997896194 21.473016739
0.997939587 0.006776847 -0.063801870 -1.145308495 -0.006609458 0.999974072 0.002834263 -0.248367012 0.063819423 -0.002406727 0.997958481 22.400449753
0.998053312 0.005932432 -0.062082544 -1.210617304 -0.005601289 0.999969184 0.005506566 -0.251975387 0.062113289 -0.005148104 0.998055816 23.338653564
0.998140216 0.005652342 -0.060696095 -1.266218185 -0.005263749 0.999964654 0.006560257 -0.262008011 0.060731031 -0.006228568 0.998134613 24.276588440
0.998223901 0.006164104 -0.059252832 -1.322373271 -0.005954187 0.999975443 0.003718636 -0.268720299 0.059274293 -0.003359229 0.998236001 25.218118668
0.998281479 0.006791940 -0.058206558 -1.385856152 -0.006863412 0.999975920 -0.001028062 -0.272585660 0.058198180 0.001425790 0.998304009 26.157594681
0.998332143 0.006502362 -0.057364773 -1.435326815 -0.006734285 0.999969840 -0.003850533 -0.285853416 0.057338018 0.004230422 0.998345792 27.108963013
0.998376846 0.003691803 -0.056833152 -1.486285686 -0.003870180 0.999987841 -0.003028851 -0.293784916 0.056821276 0.003243889 0.998379111 28.066984177
0.998396039 0.002472310 -0.056562658 -1.551295877 -0.002378957 0.999995708 0.001717701 -0.303057969 0.056566667 -0.001580385 0.998397529 29.040899277
0.998355150 -0.001443541 -0.057315458 -1.605248570 0.001770785 0.999982536 0.005659149 -0.318956524 0.057306278 -0.005751334 0.998340011 30.002916336
0.998251259 -0.008897711 -0.058441624 -1.653430820 0.009215399 0.999944270 0.005168724 -0.327307343 0.058392365 -0.005698247 0.998277426 30.978305817
0.998155594 -0.011036879 -0.059697360 -1.710305214 0.011119018 0.999937654 0.001043857 -0.329765141 0.059682123 -0.001705707 0.998215973 31.945844650
0.998072565 -0.010760475 -0.061117638 -1.773097754 0.010590029 0.999939144 -0.003112080 -0.334845185 0.061147407 0.002458844 0.998125672 32.922653198
0.997958958 -0.009362620 -0.063168459 -1.844111204 0.009142797 0.999951124 -0.003768107 -0.343836308 0.063200653 0.003182881 0.997995794 33.914855957
0.997914314 -0.009594544 -0.063835137 -1.904601216 0.009496230 0.999953151 -0.001843379 -0.366743535 0.063849822 0.001233341 0.997958779 34.879592896
0.997855723 -0.006629446 -0.065115251 -1.975136280 0.006705986 0.999977112 0.000956979 -0.379270583 0.065107405 -0.001391588 0.997877300 35.876701355
0.997771740 -0.006678796 -0.066385426 -2.043354988 0.006852138 0.999973655 0.002383796 -0.390809894 0.066367745 -0.002833367 0.997791171 36.862499237
0.997712970 -0.005444441 -0.067373618 -2.112687111 0.005794130 0.999970734 0.004995987 -0.398539126 0.067344427 -0.005374933 0.997715294 37.840694427
0.997734964 -0.005532268 -0.067039222 -2.180887699 0.006083868 0.999949276 0.008026672 -0.406513214 0.066991404 -0.008416350 0.997718036 38.827049255
0.997702420 -0.000001963 -0.067748658 -2.257229805 0.000695992 0.999947548 0.010220577 -0.406019270 0.067745067 -0.010244247 0.997650027 39.813419342
0.997693479 0.000447436 -0.067878872 -2.336876392 0.000184636 0.999956667 0.009305218 -0.408906460 0.067880079 -0.009296291 0.997650206 40.811050415
0.997707605 0.000499024 -0.067670703 -2.399658918 0.000052050 0.999966741 0.008141463 -0.419793755 0.067672521 -0.008126322 0.997674525 41.789150238
0.997714281 0.002813015 -0.067515120 -2.480438948 -0.002430497 0.999980450 0.005747147 -0.421878695 0.067529976 -0.005569916 0.997701705 42.781677246
0.997655332 0.002109119 -0.068406172 -2.555233479 -0.001711082 0.999981225 0.005876801 -0.426533043 0.068417281 -0.005745972 0.997640312 43.763320923
0.997568786 0.000436356 -0.069687620 -2.615986347 0.000067910 0.999973774 0.007233559 -0.440415442 0.069688953 -0.007220704 0.997542500 44.755622864
0.997505963 0.000765130 -0.070577577 -2.687161922 -0.000173998 0.999964893 0.008381404 -0.447491676 0.070581518 -0.008348219 0.997470975 45.742359161
0.997515261 0.003888388 -0.070342571 -2.774447918 -0.003568865 0.999982715 0.004667493 -0.458553553 0.070359506 -0.004404852 0.997511864 46.718273163
0.997418642 0.004159898 -0.071684778 -2.844275475 -0.004136034 0.999991298 0.000481348 -0.465744734 0.071686149 -0.000183615 0.997427166 47.674491882
0.997362435 0.004438992 -0.072446711 -2.900272369 -0.004494686 0.999989688 -0.000605746 -0.470394105 0.072443277 0.000929774 0.997372091 48.629371643
0.997364759 0.003340438 -0.072474450 -2.974355221 -0.003121094 0.999990225 0.003139554 -0.483763576 0.072484218 -0.002905081 0.997365296 49.609832764
0.997385204 0.001146177 -0.072259024 -3.050519943 -0.000694919 0.999980152 0.006269831 -0.493791997 0.072264791 -0.006203223 0.997366190 50.579772949
0.997336745 -0.000971191 -0.072928093 -3.109912157 0.001473314 0.999975562 0.006831698 -0.500475228 0.072919674 -0.006920950 0.997313738 51.524456024
0.997306585 -0.004297979 -0.073220178 -3.179789305 0.004727328 0.999972701 0.005691513 -0.509191155 0.073193714 -0.006022320 0.997299552 52.482105255
0.997265816 -0.007115413 -0.073555104 -3.247073174 0.007466419 0.999961913 0.004498160 -0.517832220 0.073520303 -0.005035054 0.997280955 53.426868439
0.997193336 -0.008311260 -0.074406587 -3.320634365 0.008733653 0.999947429 0.005353233 -0.524554253 0.074358188 -0.005988050 0.997213602 54.380592346
0.997062266 -0.011622974 -0.075708710 -3.387912750 0.012389271 0.999876499 0.009659853 -0.530722558 0.075587079 -0.010569449 0.997083127 55.324352264
0.996988177 -0.012130554 -0.076599687 -3.452790976 0.013291266 0.999804318 0.014661413 -0.533286691 0.076406829 -0.015635362 0.996954083 56.271862030
0.996985435 -0.010448980 -0.076882355 -3.534883499 0.011759590 0.999792933 0.016614025 -0.530870795 0.076692834 -0.017468045 0.996901751 57.218418121
0.996875286 -0.009184446 -0.078456238 -3.612497330 0.010183427 0.999871969 0.012342365 -0.529067993 0.078332834 -0.013102749 0.996841192 58.149646759
0.996770203 -0.007195069 -0.079983577 -3.687412739 0.007606463 0.999959350 0.004840000 -0.536990643 0.079945497 -0.005432756 0.996784508 59.065876007
0.996731162 -0.005597557 -0.080595665 -3.768693447 0.005632997 0.999984086 0.000212360 -0.546587646 0.080593213 -0.000665661 0.996746778 59.982666016
0.996709406 -0.000459063 -0.081056483 -3.858531952 0.000543019 0.999999344 0.001013729 -0.555359364 0.081055962 -0.001054408 0.996708930 60.882717133
0.996563435 0.002220359 -0.082803816 -3.936495781 -0.001915373 0.999991059 0.003762483 -0.573222518 0.082811438 -0.003590952 0.996558666 61.781135559
0.996479750 0.004722481 -0.083700679 -4.012406349 -0.004330014 0.999978721 0.004869839 -0.583306670 0.083721906 -0.004490271 0.996478975 62.662609100
0.996350527 0.005233713 -0.085195094 -4.086809158 -0.004854019 0.999977291 0.004663297 -0.591270804 0.085217565 -0.004232741 0.996353388 63.530887604
0.996232927 0.006873234 -0.086445056 -4.169860363 -0.006410989 0.999963582 0.005623742 -0.601406872 0.086480558 -0.005048357 0.996240735 64.379615784
0.996098280 0.008029535 -0.087886058 -4.249480247 -0.007515915 0.999952614 0.006173511 -0.611926258 0.087931469 -0.005488878 0.996111393 65.219230652
0.995984197 0.007505830 -0.089214422 -4.321203709 -0.006931413 0.999953151 0.006746659 -0.622793674 0.089260876 -0.006101184 0.995989501 66.031539917
0.995886207 0.007209980 -0.090325586 -4.396205902 -0.006533940 0.999948323 0.007777943 -0.628425777 0.090376996 -0.007155764 0.995881855 66.835525513
0.995725572 0.010038004 -0.091815412 -4.474613190 -0.009110291 0.999903083 0.010517667 -0.634277165 0.091912113 -0.009636244 0.995720506 67.636833191
0.995595217 0.011698209 -0.093023404 -4.556046486 -0.010374588 0.999837995 0.014699787 -0.640130162 0.093180299 -0.013669960 0.995555401 68.424911499
0.995407343 0.014841269 -0.094572805 -4.641138077 -0.013346526 0.999776065 0.016418213 -0.643233895 0.094795294 -0.015080592 0.995382547 69.203605652
0.995246530 0.017601727 -0.095784090 -4.716818810 -0.016492788 0.999787569 0.012356956 -0.649864137 0.095981240 -0.010718470 0.995325446 69.946952820
0.995089412 0.017522590 -0.097417109 -4.790257454 -0.017107433 0.999840677 0.005095376 -0.658443093 0.097490877 -0.003403799 0.995230496 70.675918579
0.994951367 0.016864464 -0.098930739 -4.861051559 -0.017017467 0.999854922 -0.000702882 -0.665076911 0.098904528 0.002382884 0.995094061 71.381080627
0.994893312 0.017527374 -0.099398397 -4.935978413 -0.017814396 0.999839306 -0.002000671 -0.668934822 0.099347368 0.003761177 0.995045662 72.074226379
0.994791448 0.020128150 -0.099924050 -5.015174866 -0.020076169 0.999797344 0.001525799 -0.677162886 0.099934526 0.000488240 0.994993865 72.748291016
0.994644344 0.020710802 -0.101260364 -5.088806629 -0.020395821 0.999783337 0.004145013 -0.697926283 0.101324275 -0.002057526 0.994851232 73.401153564
0.994607568 0.017450245 -0.102232024 -5.152717590 -0.017460909 0.999847233 0.000790606 -0.706634283 0.102230206 0.000998721 0.994760275 74.029525757
0.994720638 0.009136148 -0.102213301 -5.203301907 -0.009636043 0.999943793 -0.004398027 -0.721072555 0.102167413 0.005359740 0.994752824 74.624916077
0.994862139 0.005144242 -0.101107739 -5.264019012 -0.006103716 0.999939263 -0.009182547 -0.731087446 0.101054341 0.009752503 0.994832993 75.241455078
0.995139778 0.007393152 -0.098193958 -5.320959091 -0.008405368 0.999915719 -0.009898658 -0.733829618 0.098112471 0.010675905 0.995118022 75.824859619
0.995493531 0.012375555 -0.094017655 -5.386113644 -0.013042648 0.999894023 -0.006484219 -0.752346933 0.093927413 0.007681239 0.995549381 76.397117615
0.995954990 0.011097131 -0.089165203 -5.436505795 -0.011456217 0.999928236 -0.003516427 -0.761882782 0.089119770 0.004523699 0.996010661 76.947357178
0.996468365 0.007502936 -0.083633579 -5.467260838 -0.007479216 0.999971747 0.000596944 -0.771421075 0.083635695 0.000030678 0.996496320 77.485588074
0.997161150 0.003035006 -0.075236872 -5.500972748 -0.002729434 0.999987483 0.004163967 -0.785589337 0.075248592 -0.003946792 0.997156918 78.010147095
0.997873068 0.006565845 -0.064856850 -5.530059338 -0.006324365 0.999972165 0.003927892 -0.792344570 0.064880833 -0.003509359 0.997886837 78.527626038
0.998695850 0.012064588 -0.049609270 -5.557215214 -0.011907073 0.999923050 0.003469441 -0.801786780 0.049647309 -0.002874215 0.998762667 79.029472351
0.999363184 0.016791558 -0.031485446 -5.572552681 -0.016675454 0.999853075 0.003946600 -0.805654526 0.031547092 -0.003419053 0.999496400 79.514518738
0.999836504 0.015292456 -0.009645273 -5.556719303 -0.015249223 0.999873400 0.004540116 -0.811391711 0.009713481 -0.004392291 0.999943197 80.002983093
0.999787986 0.011900271 0.016803561 -5.528693676 -0.011994150 0.999912918 0.005497054 -0.817761183 -0.016736681 -0.005697434 0.999843776 80.471595764
0.998883724 0.010791603 0.045986831 -5.481134892 -0.011117438 0.999914885 0.006835494 -0.823086441 -0.045909151 -0.007339121 0.998918712 80.929832458
0.996843636 0.010426728 0.078702763 -5.422403812 -0.011144254 0.999900222 0.008683181 -0.836155534 -0.078604363 -0.009532860 0.996860385 81.376281738
0.993124366 0.009942107 0.116641544 -5.351975441 -0.011063123 0.999898612 0.008967293 -0.839075387 -0.116540566 -0.010196058 0.993133605 81.814018250
0.987339735 0.009888482 0.158311322 -5.268525124 -0.011399040 0.999897718 0.008636497 -0.841639876 -0.158209756 -0.010331754 0.987351477 82.202827454
0.979027092 0.009574201 0.203505486 -5.154151917 -0.011552839 0.999896765 0.008537006 -0.847486675 -0.203402802 -0.010709024 0.979036570 82.618171692
0.967553735 0.011803720 0.252389818 -5.022569656 -0.013892616 0.999882400 0.006495976 -0.856147289 -0.252283484 -0.009791559 0.967603922 83.015487671
0.951966226 0.012777622 0.305936575 -4.872117996 -0.014580868 0.999887168 0.003609615 -0.864410639 -0.305855930 -0.007897052 0.952045083 83.404472351
0.932185233 0.013689631 0.361722946 -4.690355301 -0.015211053 0.999883354 0.001358731 -0.867723465 -0.361662149 -0.006768772 0.932284713 83.777694702
0.908156693 0.013121594 0.418425143 -4.491617203 -0.014256351 0.999898255 -0.000414076 -0.875688910 -0.418388069 -0.005589169 0.908251166 84.112258911
0.879208386 0.013551258 0.476244867 -4.272274017 -0.013928601 0.999899149 -0.002737564 -0.877318263 -0.476233959 -0.004226531 0.879308403 84.437332153
0.845694900 0.012201698 0.533527315 -4.045475006 -0.011416118 0.999923468 -0.004772409 -0.885107160 -0.533544660 -0.002054807 0.845769525 84.715774536
0.808659315 0.011868295 0.588157594 -3.788539886 -0.010120163 0.999929190 -0.006263101 -0.891355872 -0.588190258 -0.000887536 0.808722138 85.002693176
0.768820167 0.010752833 0.639374673 -3.508644104 -0.009420779 0.999940574 -0.005488659 -0.901024103 -0.639395714 -0.001803615 0.768875718 85.271835327
0.726410210 0.010178401 0.687186122 -3.215679169 -0.011191912 0.999932945 -0.002979979 -0.911051691 -0.687170446 -0.005526240 0.726475298 85.515792847
0.681515336 0.008933259 0.731749356 -2.913410187 -0.009668921 0.999948204 -0.003202294 -0.915167391 -0.731740057 -0.004892814 0.681566298 85.731750488
0.636010468 0.007226730 0.771646619 -2.584587097 -0.005206391 0.999973595 -0.005073849 -0.916767240 -0.771662831 -0.000790474 0.636031270 85.925994873
0.588945746 0.004696908 0.808158994 -2.250122070 0.000637102 0.999980152 -0.006276034 -0.920299649 -0.808172345 0.004211122 0.588931024 86.116912842
0.542785883 0.006606544 0.839845181 -1.913784027 -0.001562852 0.999975324 -0.006856130 -0.933459759 -0.839869738 0.002408857 0.542782784 86.281547546
0.495134920 0.009668826 0.868762314 -1.598831177 -0.004878029 0.999953330 -0.008348765 -0.941889286 -0.868802428 -0.000104083 0.495158941 86.427528381
0.450024188 0.012011142 0.892935574 -1.253044128 -0.005629954 0.999927878 -0.010612927 -0.948502004 -0.892998576 -0.000251112 0.450059354 86.559242249
0.407586575 0.009744640 0.913114548 -0.898042679 0.001756218 0.999932826 -0.011455078 -0.950951517 -0.913164914 0.006272565 0.407542109 86.670585632
0.368058562 0.001373242 0.929801702 -0.529357910 0.016799474 0.999825835 -0.008126675 -0.963024735 -0.929650843 0.018611271 0.367971361 86.759750366
0.332235456 -0.002199804 0.943193913 -0.161735535 0.020953525 0.999767721 -0.005049028 -0.967371166 -0.942963779 0.021440702 0.332204342 86.859565735
0.299110383 0.002032557 0.954216361 0.210323334 0.018535528 0.999796629 -0.007939827 -0.971678734 -0.954038501 0.020061789 0.299011827 86.956703186
0.268140227 0.009908371 0.963329017 0.564630508 0.007919516 0.999890625 -0.012488805 -0.981384993 -0.963347375 0.010977848 0.268032372 87.055572510
0.239853606 0.014506975 0.970700681 0.944400787 0.002907025 0.999873102 -0.015661258 -0.997054219 -0.970804691 0.006578261 0.239781022 87.137374878
0.214138120 0.016023740 0.976672113 1.333806992 0.004180625 0.999841154 -0.017320480 -1.013106585 -0.976794481 0.007792073 0.214037135 87.200927734
0.190276191 0.017072558 0.981582165 1.742492676 0.011322529 0.999744117 -0.019583277 -1.027069449 -0.981665313 0.014840221 0.190034211 87.260856628
0.170667887 0.023322929 0.985052586 2.157637596 0.019006563 0.999455810 -0.026956983 -1.024183631 -0.985145271 0.023323156 0.170131713 87.300407410
0.150659844 0.030507360 0.988114893 2.582491875 0.021091675 0.999197006 -0.034065403 -1.020012975 -0.988360643 0.025973286 0.149895459 87.353713989
0.133505166 0.031123837 0.990559399 3.028135300 0.019367917 0.999233842 -0.034006760 -1.029517889 -0.990858853 0.023725150 0.132800087 87.409301758
0.118065216 0.026715737 0.992646456 3.487146378 0.017151084 0.999434054 -0.028938362 -1.054005027 -0.992857754 0.020441577 0.117540188 87.458877563
0.103669196 0.023412634 0.994336188 3.952996254 0.017221374 0.999530792 -0.025330435 -1.074918866 -0.994462729 0.019749824 0.103217371 87.497680664
0.090501860 0.021399055 0.995666325 4.430231571 0.019534487 0.999538660 -0.023257883 -1.088159204 -0.995704710 0.021554716 0.090042077 87.526298523
0.078824639 0.020191895 0.996683955 4.927330017 0.023746377 0.999473095 -0.022126427 -1.102680802 -0.996605575 0.025411738 0.078303605 87.555984497
0.068576247 0.020861737 0.997427642 5.438990116 0.026852271 0.999380529 -0.022748753 -1.116860867 -0.997284412 0.028343223 0.067973576 87.582626343
0.060703881 0.021487162 0.997924447 5.966911316 0.029155362 0.999303460 -0.023290379 -1.131066799 -0.997729897 0.030508665 0.060035124 87.609191895
0.055029102 0.021743439 0.998247921 6.511340141 0.030496735 0.999259830 -0.023446631 -1.148349404 -0.998018920 0.031733550 0.054325253 87.633964539
0.049619947 0.022809757 0.998507619 7.075584888 0.031903155 0.999192774 -0.024410805 -1.161379695 -0.998258412 0.033066813 0.048852187 87.655120850
0.044004232 0.023535745 0.998754025 7.649991989 0.032459099 0.999161005 -0.024975451 -1.176298618 -0.998503804 0.033517685 0.043203361 87.671180725
0.039465938 0.023363421 0.998947680 8.254454613 0.035059150 0.999078691 -0.024751579 -1.197272897 -0.998605609 0.035999108 0.038610481 87.693000793
0.036532130 0.023404451 0.999058425 8.878582954 0.036344551 0.999033153 -0.024732858 -1.213227272 -0.998671293 0.037213869 0.035646185 87.711944580
0.033536103 0.022903541 0.999175131 9.516613007 0.037420936 0.999007523 -0.024155693 -1.230996013 -0.998736680 0.038200151 0.032645747 87.729446411
0.031062199 0.022179410 0.999271393 10.168601990 0.039731666 0.998936117 -0.023407023 -1.252210379 -0.998727441 0.040429778 0.030147931 87.748458862
0.030585047 0.021895891 0.999292374 10.844323158 0.044441216 0.998741448 -0.023244023 -1.269379616 -0.998543680 0.045120686 0.029573478 87.759750366
0.031654805 0.021482268 0.999268055 11.538232803 0.047826469 0.998591244 -0.022982763 -1.289748669 -0.998353958 0.048518971 0.030582787 87.776893616
0.033796538 0.021537835 0.999196708 12.246376038 0.048757024 0.998541772 -0.023172865 -1.305588722 -0.998238742 0.049501009 0.032697134 87.799629211
0.037519947 0.021599393 0.999062479 12.969296455 0.051225767 0.998410285 -0.023509083 -1.324666023 -0.997982085 0.052059792 0.036353864 87.829330444
0.041968610 0.020850545 0.998901367 13.700880051 0.051807735 0.998391807 -0.023016594 -1.349188566 -0.997774839 0.052716788 0.040820897 87.858703613
0.046082020 0.019374628 0.998749793 14.458396912 0.053273976 0.998341382 -0.021824744 -1.366742253 -0.997516096 0.054213095 0.044973422 87.890007019
0.049953371 0.017803371 0.998592913 15.220794678 0.052913934 0.998389721 -0.020446703 -1.387120724 -0.997348905 0.053860854 0.048930883 87.932083130
0.054082461 0.015624210 0.998414278 16.001359940 0.049926054 0.998584628 -0.018331287 -1.410674453 -0.997287631 0.050838277 0.053225853 87.985496521
0.057936266 0.014623126 0.998213351 16.804550171 0.049019843 0.998644888 -0.017474560 -1.427362919 -0.997116029 0.049944669 0.057140928 88.036552429
0.062070627 0.015683958 0.997948587 17.607664108 0.046215933 0.998758733 -0.018571241 -1.446833849 -0.997001171 0.047273856 0.061268728 88.096870422
0.064998992 0.019453552 0.997695744 18.400394440 0.043700133 0.998795271 -0.022322014 -1.477915287 -0.996927977 0.045050345 0.064070560 88.153747559
0.066517256 0.024972599 0.997472703 19.213382721 0.037977476 0.998898983 -0.027540868 -1.501569867 -0.997062147 0.039713442 0.065495618 88.216369629
0.066254221 0.028104378 0.997406840 20.024229050 0.035218086 0.998914540 -0.030486273 -1.528567314 -0.997180939 0.037146602 0.065192498 88.276306152
0.066366270 0.027743710 0.997409582 20.834045410 0.033114955 0.999001384 -0.029991422 -1.558502436 -0.997245669 0.035019591 0.065381266 88.336936951
0.066409476 0.025949409 0.997455001 21.663686752 0.030130820 0.999153733 -0.027999684 -1.592722535 -0.997337401 0.031913582 0.065571390 88.402076721
0.065816306 0.024890846 0.997521341 22.480781555 0.030862072 0.999159753 -0.026968010 -1.622724533 -0.997354388 0.032560509 0.064992823 88.466796875
0.066128068 0.023697004 0.997529685 23.295833588 0.028496927 0.999265313 -0.025627347 -1.662689447 -0.997404039 0.030121220 0.065404177 88.529464722
0.066393130 0.023875635 0.997507930 24.096231461 0.026646364 0.999314785 -0.025692441 -1.696696043 -0.997437656 0.028285759 0.065711424 88.580795288
0.066548653 0.024410099 0.997484565 24.926914215 0.023587834 0.999382794 -0.026030250 -1.732947588 -0.997504354 0.025260773 0.065931797 88.643623352
0.065411955 0.026046639 0.997518301 25.737823486 0.020759592 0.999407351 -0.027457269 -1.761769176 -0.997642398 0.022504104 0.064832479 88.701866150
0.062309273 0.025460387 0.997732043 26.550106049 0.017556464 0.999491930 -0.026601708 -1.797668457 -0.997902513 0.019174179 0.061830617 88.762969971
0.058426000 0.024535343 0.997990191 27.361038208 0.015116488 0.999561489 -0.025458947 -1.825344563 -0.998177290 0.016573569 0.058029499 88.819770813
0.053783011 0.021946587 0.998311400 28.171497345 0.013002782 0.999658406 -0.022676704 -1.858486533 -0.998467982 0.014200448 0.053479265 88.860366821
0.047869593 0.019863624 0.998656034 28.985233307 0.010729222 0.999734282 -0.020399369 -1.888295889 -0.998795986 0.011691310 0.047643766 88.900207520
0.039945442 0.020225901 0.998997152 29.791204453 0.010438006 0.999732077 -0.020658156 -1.916878462 -0.999147356 0.011252739 0.039723627 88.937911987
0.031674694 0.020953972 0.999278545 30.591802597 0.009929311 0.999724329 -0.021278052 -1.947116494 -0.999448895 0.010596124 0.031457901 88.959388733
0.021334838 0.021384506 0.999543667 31.395877838 0.010449142 0.999711931 -0.021611132 -1.971536160 -0.999717712 0.010905446 0.021105241 88.980476379
0.011279570 0.020862760 0.999718785 32.198143005 0.012595857 0.999700069 -0.021004485 -1.994638681 -0.999857008 0.012829237 0.011013402 88.988380432
0.000183087 0.019798724 0.999803960 32.986629486 0.011259685 0.999740601 -0.019799529 -2.024984360 -0.999936581 0.011261105 -0.000039887 88.989410400
-0.010691329 0.018702881 0.999767900 33.770160675 0.012554674 0.999748766 -0.018568262 -2.051935911 -0.999863923 0.012353243 -0.010923450 88.979461670
-0.021434579 0.019162897 0.999586523 34.550773621 0.012564716 0.999742508 -0.018896455 -2.076640129 -0.999691188 0.012154485 -0.021669835 88.957672119
-0.032747667 0.019884404 0.999265969 35.324707031 0.012747861 0.999728978 -0.019475851 -2.102547169 -0.999382257 0.012100713 -0.032992277 88.932228088
-0.043222256 0.020663308 0.998851776 36.098220825 0.012683230 0.999716878 -0.020132376 -2.133314371 -0.998984933 0.011798501 -0.043472093 88.895111084
-0.053762011 0.021741588 0.998317063 36.862430573 0.013277489 0.999690115 -0.021056462 -2.156641245 -0.998465478 0.012123107 -0.054034024 88.855308533
-0.063172363 0.022340205 0.997752547 37.623928070 0.014431743 0.999665380 -0.021469291 -2.187716246 -0.997898281 0.013043041 -0.063473620 88.799339294
-0.072816677 0.023059558 0.997078776 38.385414124 0.014688725 0.999648988 -0.022046279 -2.210043430 -0.997237146 0.013040476 -0.073129825 88.745903015
-0.082097113 0.023433855 0.996348858 39.125762939 0.015351496 0.999634624 -0.022246206 -2.237836361 -0.996506035 0.013469095 -0.082426883 88.684272766
-0.090878256 0.022874724 0.995599270 39.855686188 0.016622577 0.999631703 -0.021450065 -2.263219833 -0.995723367 0.014600080 -0.091225028 88.613357544
-0.098286137 0.021486646 0.994926274 40.586246490 0.017973801 0.999642074 -0.019812904 -2.291728973 -0.994995773 0.015935274 -0.098637164 88.542442322
-0.103246778 0.020259095 0.994449437 41.321079254 0.021857625 0.999597371 -0.018094640 -2.317092419 -0.994415462 0.019868091 -0.103648044 88.456893921
-0.106268510 0.018536527 0.994164765 42.026950836 0.025223991 0.999554753 -0.015940776 -2.340785742 -0.994017363 0.023382803 -0.106688760 88.363578796
-0.109486662 0.017710054 0.993830621 42.734481812 0.026555909 0.999536455 -0.014886172 -2.360241890 -0.993633509 0.024762239 -0.109906226 88.291404724
-0.111390866 0.016695198 0.993636429 43.418937683 0.026448995 0.999554455 -0.013829592 -2.383435965 -0.993424594 0.024740199 -0.111782819 88.217620850
-0.112190932 0.017160606 0.993538439 44.082859039 0.027687790 0.999516666 -0.014137341 -2.404755354 -0.993300855 0.025922803 -0.112611853 88.142127991
-0.111147404 0.018004782 0.993640780 44.734416962 0.028079487 0.999493599 -0.014969899 -2.426455975 -0.993407190 0.026237054 -0.111596666 88.070243835
-0.108054020 0.019758958 0.993948638 45.357349396 0.029372806 0.999429524 -0.016674738 -2.447303534 -0.993710995 0.027393293 -0.108572736 88.003868103
-0.102937818 0.020235863 0.994481981 45.980712891 0.029627377 0.999411821 -0.017269477 -2.468676567 -0.994246364 0.027686207 -0.103476800 87.938659668
-0.094853684 0.021005487 0.995269597 46.577995300 0.029129913 0.999407828 -0.018316614 -2.486992121 -0.995064855 0.027254716 -0.095409386 87.886672974
-0.083982751 0.020793047 0.996250331 47.156414032 0.027721586 0.999444127 -0.018522810 -2.512524128 -0.996081412 0.026062042 -0.084512472 87.850288391
-0.070117593 0.020950949 0.997318745 47.720233917 0.027235137 0.999446929 -0.019080862 -2.535844564 -0.997166872 0.025824210 -0.070649400 87.817321777
-0.053256240 0.022078300 0.998336792 48.249839783 0.026039502 0.999446392 -0.020713761 -2.561727762 -0.998241305 0.024893051 -0.053801667 87.808769226
-0.032057911 0.024617251 0.999182880 48.787368774 0.023807971 0.999431670 -0.023859527 -2.587916851 -0.999202430 0.023023633 -0.032625783 87.806732178
-0.007526465 0.027647849 0.999589443 49.313533783 0.021658372 0.999387622 -0.027479190 -2.610520840 -0.999737084 0.021442661 -0.008120660 87.824150085
0.020656098 0.029373741 0.999355078 49.818199158 0.019978970 0.999356508 -0.029786736 -2.632296562 -0.999586999 0.020581368 0.020055950 87.855026245
0.053650033 0.028618785 0.998149693 50.331855774 0.017483322 0.999409020 -0.029594613 -2.657278776 -0.998406708 0.019038726 0.053117976 87.906921387
0.092525825 0.026084157 0.995368659 50.809913635 0.016039679 0.999487996 -0.027683098 -2.679865360 -0.995581031 0.018526794 0.092060089 87.953475952
0.135001063 0.022765039 0.990583897 51.338157654 0.014775791 0.999578536 -0.024985461 -2.696326733 -0.990735233 0.018009724 0.134607837 88.048545837
0.180662349 0.018409459 0.983372927 51.826709747 0.012123371 0.999707162 -0.020942520 -2.716740370 -0.983470440 0.015705317 0.180386275 88.160743713
0.228866503 0.015399390 0.973335981 52.312732697 0.007778123 0.999813974 -0.017647224 -2.731367588 -0.973426700 0.011609585 0.228704154 88.306213379
0.280371964 0.013605123 0.959795117 52.780509949 0.003841813 0.999875724 -0.015295526 -2.752515554 -0.959883749 0.007975790 0.280284822 88.478973389
0.335788041 0.013178390 0.941845417 53.225894928 0.002219568 0.999888301 -0.014781853 -2.770593643 -0.941934943 0.007054060 0.335721284 88.664474487
0.391395569 0.014727259 0.920104682 53.632450104 0.004749806 0.999826252 -0.018023768 -2.775395393 -0.920210242 0.011424742 0.391257644 88.889610291
0.452023774 0.017098991 0.891842127 54.052291870 0.005982091 0.999735773 -0.022199579 -2.799803495 -0.891985834 0.015369819 0.451802015 89.127014160
0.512196839 0.020628929 0.858620405 54.450950623 0.006587328 0.999587715 -0.027945336 -2.816248655 -0.858842731 0.019969529 0.511849821 89.394088745
0.571035087 0.025582291 0.820527017 54.802890778 0.003254602 0.999435902 -0.033425286 -2.814609051 -0.820919156 0.021757506 0.570629716 89.675476074
0.624153137 0.028902547 0.780767202 55.129127502 -0.001474194 0.999357343 -0.035815865 -2.831734657 -0.781300604 0.021203583 0.623794615 90.026344299
0.677586377 0.029258182 0.734860957 55.455192566 -0.003151892 0.999314725 -0.036881074 -2.854612350 -0.735436320 0.022673905 0.677214205 90.367584229
0.726479232 0.026399763 0.686681092 55.745586395 -0.003171876 0.999380052 -0.035065904 -2.880924225 -0.687181115 0.023296583 0.726112604 90.722976685
0.769946575 0.025415374 0.637602091 55.977497101 -0.007001929 0.999482930 -0.031384975 -2.882352829 -0.638069987 0.019700306 0.769726276 91.111839294
0.812486470 0.020622613 0.582615197 56.249320984 -0.007474235 0.999660432 -0.024961403 -2.889263630 -0.582932174 0.015926201 0.812364697 91.516380310
0.849158168 0.018595155 0.527811229 56.469070435 -0.010214052 0.999771237 -0.018789966 -2.898722649 -0.528039992 0.010564557 0.849153817 91.941360474
0.879997253 0.015347200 0.474730790 56.647468567 -0.011319240 0.999871492 -0.011341856 -2.910886765 -0.474843830 0.004607210 0.880057931 92.372100830
0.905669212 0.016468588 0.423665226 56.808334351 -0.015467592 0.999863505 -0.005801322 -2.924363136 -0.423703015 -0.001299003 0.905800283 92.802299500
0.925333619 0.018174034 0.378718257 56.918144226 -0.019006098 0.999818087 -0.001541374 -2.946339607 -0.378677458 -0.005771671 0.925510645 93.205596924
0.940466106 0.023400202 0.339081109 57.039810181 -0.025234872 0.999681056 0.001002125 -2.954466820 -0.338949591 -0.009499134 0.940756559 93.649993896
0.952378392 0.027687645 0.303659141 57.152481079 -0.029108398 0.999576271 0.000152453 -2.957177401 -0.303526163 -0.008984223 0.952780724 94.110481262
0.961501420 0.029846532 0.273174524 57.255989075 -0.031103970 0.999516070 0.000272418 -2.957631350 -0.273034275 -0.008758742 0.961964369 94.577430725
0.967514396 0.024719620 0.251604915 57.363235474 -0.025641771 0.999671042 0.000386657 -2.962371826 -0.251512647 -0.006825691 0.967829883 95.043586731
0.971495032 0.022329006 0.236006290 57.473922729 -0.023296220 0.999727726 0.001310247 -2.976493835 -0.235912800 -0.006770954 0.971750617 95.524810791
0.974316597 0.026358299 0.223634690 57.559547424 -0.027300498 0.999626637 0.001121782 -2.982524395 -0.223521590 -0.007198309 0.974672377 96.030822754
0.976336539 0.031700108 0.213920951 57.651756287 -0.032920752 0.999455690 0.002145084 -2.985982656 -0.213736579 -0.009136762 0.976848543 96.533432007
0.977474689 0.037837144 0.207633033 57.750846863 -0.038648941 0.999252796 -0.000146959 -2.971305609 -0.207483470 -0.007881147 0.978206813 97.023933411
0.977828979 0.043658081 0.204803631 57.844268799 -0.043856259 0.999031425 -0.003573520 -2.977952719 -0.204761267 -0.005487630 0.978796661 97.543022156
0.977946281 0.045345251 0.203874588 57.952743530 -0.045008212 0.998966753 -0.006292017 -2.985795975 -0.203949228 -0.003022775 0.978976846 98.080558777
0.977358639 0.044537824 0.206849113 58.061485291 -0.043469124 0.999007523 -0.009710943 -3.000471115 -0.207076341 0.000499526 0.978324771 98.616493225
0.976683617 0.042656235 0.210403562 58.186271667 -0.040076476 0.999060154 -0.016511643 -3.001423836 -0.210910156 0.007694417 0.977475226 99.173858643
0.975903451 0.042428412 0.214038000 58.323226929 -0.038818236 0.999024630 -0.021043845 -3.010176182 -0.214722112 0.012228184 0.976598561 99.716796875
0.974634647 0.047295228 0.218747705 58.439743042 -0.043801360 0.998823762 -0.020796884 -3.020772934 -0.219473988 0.010687916 0.975559771 100.301895142
0.973222554 0.050289892 0.224296063 58.570362091 -0.047741491 0.998718858 -0.016774070 -3.035207033 -0.224852264 0.005616675 0.974376678 100.888748169
0.972280979 0.047030848 0.229036555 58.715976715 -0.045425877 0.998892307 -0.012277623 -3.046703577 -0.229360238 0.001533112 0.973340333 101.485321045
0.971558809 0.042950455 0.232870787 58.866569519 -0.042605385 0.999070704 -0.006513937 -3.063203096 -0.232934162 -0.003592875 0.972485840 102.107078552
0.970793843 0.040544488 0.236464828 59.021511078 -0.041330621 0.999144137 -0.001633566 -3.076689482 -0.236328721 -0.008187381 0.971638620 102.733566284
0.970184743 0.035838567 0.239702329 59.177570343 -0.036653250 0.999327421 -0.001059819 -3.084300756 -0.239579082 -0.007757648 0.970845759 103.372100830
0.970218241 0.032309696 0.240067884 59.337974548 -0.032212734 0.999471605 -0.004328898 -3.090937853 -0.240080878 -0.003533266 0.970746458 104.013862610
0.970390141 0.031685263 0.239456147 59.501956940 -0.029913714 0.999491632 -0.011029889 -3.104113579 -0.239683926 0.003540271 0.970844448 104.659187317
0.970583916 0.034014158 0.238348424 59.662193298 -0.030696852 0.999373376 -0.017616969 -3.116883278 -0.238798276 0.009782198 0.971019924 105.301788330
0.971212029 0.036807161 0.235356539 59.821804047 -0.032666560 0.999235630 -0.021469031 -3.125076771 -0.235966876 0.013162689 0.971671999 105.978385925
0.971772850 0.035730947 0.233197287 59.981636047 -0.032557551 0.999317586 -0.017444571 -3.133598804 -0.233661488 0.009359828 0.972272933 106.675735474
0.972145915 0.031528547 0.232246473 60.144550323 -0.030103855 0.999499977 -0.009676981 -3.153356552 -0.232435420 0.002415923 0.972608864 107.383056641
0.972736597 0.031880390 0.229710951 60.316467285 -0.031879384 0.999484837 -0.003716497 -3.169111013 -0.229711100 -0.003707871 0.973251820 108.107864380
0.973010659 0.035385929 0.228030547 60.475494385 -0.035289586 0.999367058 -0.004501045 -3.180323124 -0.228045493 -0.003667539 0.973643541 108.835243225
0.973331809 0.040795404 0.225745484 60.631423950 -0.039772082 0.999167562 -0.009081076 -3.191353559 -0.225927994 -0.000139467 0.974143922 109.566543579
0.974191248 0.041692831 0.221840769 60.798179626 -0.039497636 0.999116898 -0.014324511 -3.203091860 -0.222242117 0.005192626 0.974977672 110.308197021
0.975105464 0.040318191 0.218046218 60.964172363 -0.037441663 0.999148846 -0.017309707 -3.215653419 -0.218558520 0.008714776 0.975784898 111.065414429
0.976083279 0.038079355 0.214036882 61.133285522 -0.035509475 0.999243796 -0.015840072 -3.228890419 -0.214478225 0.007860890 0.976697147 111.838958740
0.976908147 0.034789067 0.210808411 61.299297333 -0.032669693 0.999374568 -0.013528996 -3.250390053 -0.211147219 0.006329541 0.977433801 112.612724304
0.977363408 0.033325277 0.208926082 61.467536926 -0.031793967 0.999437273 -0.010684501 -3.266597509 -0.209164575 0.003800053 0.977873087 113.406883240
0.977683008 0.030675134 0.207834423 61.635017395 -0.029546684 0.999526918 -0.008532498 -3.279720306 -0.207997844 0.002201259 0.978126764 114.206436157
0.977889776 0.025432374 0.207568482 61.805023193 -0.024460563 0.999674499 -0.007247548 -3.294690371 -0.207685247 0.002010062 0.978193700 114.996322632
0.977992535 0.026125690 0.206997827 61.969261169 -0.025515219 0.999658644 -0.005618803 -3.308006763 -0.207073957 0.000213552 0.978325367 115.798309326
0.977769732 0.031748354 0.207264289 62.134754181 -0.030863019 0.999495387 -0.007504491 -3.323241234 -0.207397968 0.000940862 0.978256345 116.622749329
0.977490783 0.037019942 0.207704827 62.300231934 -0.035522882 0.999309003 -0.010934151 -3.335906029 -0.207966074 0.003309757 0.978130400 117.433044434
0.976921260 0.045718092 0.208649874 62.462356567 -0.044058498 0.998949528 -0.012597114 -3.347535610 -0.209006637 0.003113588 0.977909327 118.265739441
0.976008832 0.051461384 0.211562097 62.627632141 -0.050025500 0.998674154 -0.012137435 -3.362981319 -0.211906239 0.001262744 0.977289200 119.091865540
0.975216866 0.053943425 0.214574531 62.798149109 -0.053048413 0.998542428 -0.009931785 -3.387496948 -0.214797541 -0.001697193 0.976657152 119.935134888
0.974617660 0.054779075 0.217070803 62.980331421 -0.053755756 0.998497725 -0.010620778 -3.411380768 -0.217326477 -0.001317607 0.976098061 120.767448425
0.974292934 0.053234208 0.218905210 63.164512634 -0.051514219 0.998580158 -0.013561511 -3.424719334 -0.219316348 0.001936152 0.975651860 121.599342346
0.974266112 0.046989013 0.220449120 63.354934692 -0.045409061 0.998893559 -0.012231934 -3.443351507 -0.220779985 0.001906772 0.975321710 122.450500488
0.974546909 0.040645715 0.220468819 63.556602478 -0.038576908 0.999161959 -0.013682844 -3.468061924 -0.220840171 0.004829568 0.975297987 123.268310547
0.974306762 0.039687350 0.221701011 63.744647980 -0.037602473 0.999199986 -0.013618620 -3.491835117 -0.222064137 0.004932206 0.975019574 124.103752136
0.973757148 0.042265888 0.223631024 63.932254791 -0.040864769 0.999105334 -0.010891670 -3.509067059 -0.223891303 0.001467212 0.974613011 124.951179504
0.973311305 0.044354588 0.225161776 64.114212036 -0.044337839 0.999003470 -0.005133493 -3.525832653 -0.225165099 -0.004986701 0.974307895 125.796707153
0.972947359 0.048278201 0.225926206 64.300415039 -0.049337950 0.998781621 -0.000956742 -3.546620369 -0.225697115 -0.010215878 0.974143982 126.633300781
0.972745895 0.047338970 0.226990148 64.485580444 -0.046901762 0.998872638 -0.007322393 -3.566619635 -0.227080867 -0.003523409 0.973869503 127.441955566
0.973011792 0.043182250 0.226679027 64.678039551 -0.039255824 0.998991251 -0.021803150 -3.587598562 -0.227391854 0.012316250 0.973725438 128.251144409
